803833 Ricardo Soares Cerqueira

1)
 a) 
   _____________________________________________
  | m | x y z | z' | y+z' | (y+z')' | x.(y+z')' |
  |---|-------|----|------|---------|-----------|
  | 0 | 0 0 0 |  1 |   1  |    0    |     0     |
  | 1 | 0 0 1 |  0 |   0  |    1    |     0     |
  | 2 | 0 1 0 |  1 |   1  |    0    |     0     |
  | 3 | 0 1 1 |  0 |   1  |    0    |     0     |
  | 4 | 1 0 0 |  1 |   1  |    0    |     0     |
  | 5 | 1 0 1 |  0 |   0  |    1    |     1     |
  | 6 | 1 1 0 |  1 |   1  |    0    |     0     |
  | 7 | 1 1 1 |  0 |   1  |    0    |     0     |
  |___|_______|____|______|_________|___________|
  
 b)
   _____________________________________________
  | m | x y z | y' | x+y' | (x+y')' | (y+z')'.z |
  |---|-------|----|------|---------|-----------|
  | 0 | 0 0 0 |  1 |   1  |    0    |     0     |
  | 1 | 0 0 1 |  1 |   1  |    0    |     0     |
  | 2 | 0 1 0 |  0 |   0  |    1    |     0     |
  | 3 | 0 1 1 |  0 |   0  |    1    |     1     |
  | 4 | 1 0 0 |  1 |   1  |    0    |     0     |
  | 5 | 1 0 1 |  1 |   1  |    0    |     0     |
  | 6 | 1 1 0 |  0 |   1  |    0    |     0     |
  | 7 | 1 1 1 |  0 |   1  |    0    |     0     |
  |___|_______|____|______|_________|___________|
  
 c)
   _________________________________________________
  | m | x y z | x' z' | x'.y | (x'.y)' | (x'.y)'.z' |
  |---|-------|-------|------|---------|------------|
  | 0 | 0 0 0 | 1  1  |  0   |    1    |      1     |
  | 1 | 0 0 1 | 1  0  |  0   |    1    |      0     |
  | 2 | 0 1 0 | 1  1  |  1   |    0    |      0     |
  | 3 | 0 1 1 | 1  0  |  1   |    0    |      0     |
  | 4 | 1 0 0 | 0  1  |  0   |    1    |      1     |
  | 5 | 1 0 1 | 0  0  |  0   |    1    |      0     |
  | 6 | 1 1 0 | 0  1  |  1   |    0    |      0     |
  | 7 | 1 1 1 | 0  0  |  0   |    1    |      0     |
  |___|_______|_______|______|_________|____________|
  
 d)
   ___________________________________________________
  | m | x y z | x' y' | x'.y' | (x'.y')' | (x'.y')'.z |
  |---|-------|-------|-------|----------|------------|
  | 0 | 0 0 0 | 1  1  |   1   |     0    |      0     |
  | 1 | 0 0 1 | 1  1  |   1   |     0    |      0     |
  | 2 | 0 1 0 | 1  0  |   0   |     1    |      0     |
  | 3 | 0 1 1 | 1  0  |   0   |     1    |      1     |
  | 4 | 1 0 0 | 0  1  |   0   |     1    |      0     |
  | 5 | 1 0 1 | 0  1  |   0   |     1    |      1     |
  | 6 | 1 1 0 | 0  0  |   0   |     1    |      0     |
  | 7 | 1 1 1 | 0  0  |   0   |     1    |      1     |
  |___|_______|_______|_______|__________|____________|
  
  
 e)
   ___________________________________________________________
  | m | x y z | y' | (x+y) | (y'+z) | (y'+z)' | (x+y).(y'+z)' |
  |---|-------|----|-------|--------|---------|---------------|
  | 0 | 0 0 0 |  1 |   0   |    0   |    1    |       0       |
  | 1 | 0 0 1 |  1 |   0   |    0   |    1    |       0       |
  | 2 | 0 1 0 |  0 |   1   |    1   |    0    |       0       |
  | 3 | 0 1 1 |  0 |   1   |    1   |    0    |       0       |
  | 4 | 1 0 0 |  1 |   1   |    1   |    0    |       0       |
  | 5 | 1 0 1 |  1 |   1   |    1   |    0    |       0       |
  | 6 | 1 1 0 |  0 |   1   |    1   |    0    |       0       |
  | 7 | 1 1 1 |  0 |   1   |    1   |    0    |       0       |
  |___|_______|____|_______|________|_________|_______________|
  
  
  
  
  
  
  
  
  
  
  
  
  
  
  
  
  
  
  
  
  
  
  
  
  
